# The rivers: each way the id its cells are marked with, and the cells it runs through, [x, y] from the top left
# corner of the world. Ways that meet share the cell they meet at.
way = {
	id = 1
	points = [
		[523, 0], [519, 3],
	]
}
way = {
	id = 2
	points = [
		[918, 0], [917, 0], [913, 4], [912, 6], [912, 9], [916, 10], [917, 11], [921, 11],
		[922, 12], [928, 12], [932, 10], [938, 10], [939, 9], [941, 9], [945, 6], [949, 5],
		[951, 3], [952, 3], [954, 1], [954, 0],
	]
}
way = {
	id = 3
	points = [
		[978, 0], [977, 4], [981, 8], [982, 10], [981, 14], [982, 15], [984, 15], [985, 17],
		[987, 17], [989, 19], [992, 20], [993, 21], [993, 24], [992, 25], [992, 28], [990, 30],
		[990, 31], [989, 31], [989, 35], [988, 37], [977, 40], [977, 41], [974, 44], [973, 44],
		[973, 48], [969, 50], [966, 50], [966, 51], [968, 55], [970, 57], [970, 59], [972, 59],
		[976, 61], [977, 63], [977, 68], [976, 69], [976, 71], [978, 72], [979, 76], [983, 78],
		[985, 78], [989, 76], [993, 76], [994, 73], [997, 71], [1002, 71], [1003, 72], [1007, 72],
		[1008, 71], [1012, 72], [1013, 71],
	]
}
way = {
	id = 4
	points = [
		[665, 17], [665, 18], [662, 18], [661, 19], [657, 19], [656, 18], [651, 18], [650, 17],
		[640, 16], [638, 18], [636, 17], [634, 19], [630, 21], [628, 21], [627, 22],
	]
}
way = {
	id = 4
	points = [
		[625, 20], [627, 22],
	]
}
way = {
	id = 4
	points = [
		[627, 22], [627, 23], [630, 25], [630, 28], [628, 29],
	]
}
way = {
	id = 5
	points = [
		[745, 22], [745, 24], [749, 27], [754, 28], [757, 30], [764, 30], [766, 32], [764, 33],
		[764, 36], [762, 38], [762, 39], [760, 40], [760, 41], [766, 44], [766, 47], [768, 48],
		[768, 50], [771, 53], [775, 53], [777, 55], [795, 64], [809, 67], [814, 75], [827, 81],
		[829, 83], [833, 85],
	]
}
way = {
	id = 4
	points = [
		[625, 27], [628, 29],
	]
}
way = {
	id = 4
	points = [
		[628, 29], [628, 30], [629, 30], [631, 33], [630, 34], [630, 37], [629, 39], [627, 39],
		[626, 40], [622, 40], [619, 38],
	]
}
way = {
	id = 6
	points = [
		[333, 60], [327, 65], [324, 66], [321, 69], [321, 70], [325, 73], [325, 75], [324, 76],
		[327, 80], [328, 83], [332, 87], [332, 90], [339, 97], [341, 98], [342, 102], [340, 105],
		[339, 104], [336, 104], [329, 109], [329, 115], [328, 116], [329, 117], [329, 121], [326, 124],
	]
}
way = {
	id = 5
	points = [
		[958, 66], [955, 64], [951, 64], [950, 63], [949, 63], [947, 65], [942, 65], [941, 67],
		[942, 69], [942, 72], [947, 75], [950, 75], [951, 76], [951, 79], [949, 79], [948, 80],
		[943, 80], [942, 81], [936, 81], [933, 78], [933, 76], [922, 75], [918, 73], [913, 73],
		[912, 74], [909, 74], [908, 75], [903, 75], [902, 76], [899, 76], [898, 77], [893, 77],
		[892, 76], [892, 73], [891, 72], [886, 72], [885, 71], [886, 70], [886, 68], [881, 68],
		[876, 71], [866, 70], [859, 74], [858, 76], [853, 80], [847, 83], [845, 83], [844, 84],
		[838, 84], [837, 85], [833, 85],
	]
}
way = {
	id = 7
	points = [
		[342, 69], [344, 69], [348, 73], [357, 77], [360, 80], [364, 81], [366, 85], [370, 86],
		[372, 88], [377, 90], [379, 93], [382, 93], [384, 96], [384, 98], [386, 99], [390, 99],
		[392, 101], [398, 101], [399, 102], [398, 105], [400, 105], [401, 106], [406, 106], [407, 105],
		[409, 105], [413, 102], [416, 101], [418, 99], [418, 97], [417, 96],
	]
}
way = {
	id = 8
	points = [
		[477, 79], [480, 82], [485, 84], [487, 86], [489, 85], [491, 87],
	]
}
way = {
	id = 5
	points = [
		[833, 85], [832, 92], [829, 95], [826, 95], [825, 96], [820, 96], [817, 98], [809, 98],
		[806, 100], [802, 100], [801, 101], [799, 101], [792, 105], [783, 107], [779, 109], [776, 113],
		[772, 115], [768, 115], [766, 117], [762, 119], [757, 119], [756, 120], [750, 119], [747, 121],
		[743, 121], [743, 119], [738, 118], [735, 116],
	]
}
way = {
	id = 9
	points = [
		[579, 86], [582, 90], [583, 90], [591, 96], [599, 96], [603, 98], [604, 98], [605, 96],
	]
}
way = {
	id = 10
	points = [
		[666, 89], [666, 90], [662, 90], [661, 91], [657, 91], [656, 92], [652, 91], [650, 94],
		[648, 95], [645, 95], [638, 100], [636, 100], [634, 98],
	]
}
way = {
	id = 12
	points = [
		[613, 109], [609, 112], [606, 112], [603, 109], [599, 110],
	]
}
way = {
	id = 13
	points = [
		[720, 110], [725, 110], [726, 111],
	]
}
way = {
	id = 14
	points = [
		[346, 137], [342, 142], [341, 146], [338, 149], [336, 148],
	]
}
way = {
	id = 11
	points = [
		[934, 141], [933, 138], [931, 137], [931, 134], [929, 133], [927, 130], [927, 125], [923, 122],
		[920, 116], [918, 116], [918, 114], [921, 114], [921, 113], [924, 109], [930, 108], [931, 106],
		[933, 105], [936, 105], [937, 103], [939, 102], [943, 102], [944, 104], [953, 104], [954, 105],
		[956, 105], [959, 103], [961, 103], [964, 99], [965, 99], [967, 101], [969, 101], [969, 106],
		[971, 106], [971, 110], [972, 110], [976, 115], [976, 120], [975, 120], [975, 121], [970, 122],
		[969, 124], [970, 126], [970, 130], [968, 134], [972, 137], [971, 139], [971, 144], [968, 144],
		[965, 146], [964, 146], [964, 144], [962, 144], [959, 147], [956, 147], [955, 148], [957, 149],
		[960, 153], [959, 157], [957, 157], [956, 158], [954, 157], [952, 161], [950, 162], [945, 162],
		[944, 163], [941, 163], [939, 168], [937, 168], [937, 166], [935, 166], [935, 172], [936, 172],
		[936, 174], [940, 176], [940, 179], [939, 179], [938, 181], [935, 180], [933, 181], [932, 183],
		[930, 183], [929, 184], [925, 184], [924, 183], [920, 182], [917, 184], [914, 184], [915, 186],
		[914, 187], [911, 187], [910, 186], [908, 187],
	]
}
way = {
	id = 15
	points = [
		[720, 142], [723, 144], [726, 144], [727, 145], [729, 145], [735, 148], [739, 153], [745, 149],
		[752, 149], [756, 154], [760, 154], [761, 155], [771, 154], [775, 156], [777, 156], [778, 155],
		[782, 156], [784, 157], [783, 159], [783, 162], [785, 164], [786, 167], [792, 173], [797, 175],
		[803, 180], [808, 180], [809, 179], [817, 179], [818, 178], [825, 178], [830, 175], [832, 175],
		[837, 178], [845, 178], [846, 179], [851, 179], [855, 184], [861, 184], [862, 185], [866, 186],
		[868, 189], [868, 191],
	]
}
way = {
	id = 16
	points = [
		[716, 144], [717, 145], [717, 150], [716, 152], [712, 156], [707, 158], [704, 161], [703, 165],
		[699, 167], [699, 168], [695, 167], [690, 170], [688, 169], [687, 167], [685, 167], [684, 166],
		[680, 165], [677, 167], [673, 168], [669, 171], [667, 171], [667, 173], [666, 174], [667, 175],
		[665, 177], [659, 177], [658, 176], [653, 175], [652, 174], [653, 171], [652, 171], [649, 167],
		[645, 165], [642, 165], [641, 164], [635, 164], [635, 161], [634, 159],
	]
}
way = {
	id = 17
	points = [
		[512, 162], [516, 166], [520, 166], [522, 168], [526, 170], [532, 170], [533, 171], [537, 170],
		[537, 171], [543, 176], [543, 177], [545, 179], [545, 181], [547, 183], [556, 183], [557, 184],
		[560, 184], [561, 185], [567, 185], [568, 187], [572, 189], [577, 189], [578, 190], [582, 191],
		[583, 193], [585, 195], [586, 195], [587, 197], [589, 197], [589, 198], [593, 197], [593, 196],
		[599, 196], [600, 194], [606, 191], [612, 190], [613, 188], [616, 188], [617, 187], [617, 185],
		[616, 184], [616, 182], [617, 181], [619, 181], [620, 180], [625, 180], [625, 178], [627, 177],
		[626, 175], [629, 171], [629, 169], [630, 168], [629, 166], [627, 166], [626, 165],
	]
}
way = {
	id = 18
	points = [
		[651, 184], [651, 186], [652, 186], [652, 187], [650, 189], [648, 189], [648, 194], [646, 196],
		[645, 201], [639, 199], [637, 200], [633, 205], [630, 205], [629, 204], [624, 203], [621, 205],
		[616, 205], [615, 206], [607, 206], [605, 208], [603, 208], [603, 209], [601, 211], [601, 214],
		[603, 217], [603, 219], [601, 220], [601, 227], [602, 228], [602, 230], [601, 231], [601, 233],
		[597, 235], [597, 237], [599, 241], [601, 243], [600, 244], [602, 246], [602, 247], [604, 248],
		[604, 249], [608, 253], [608, 256], [605, 259], [606, 266], [604, 268], [604, 281], [605, 282],
		[605, 284], [610, 289], [614, 291], [616, 291], [617, 290], [618, 291], [618, 295], [623, 298],
		[625, 298], [624, 299],
	]
}
way = {
	id = 24
	points = [
		[1015, 208], [1011, 214], [1011, 217], [1012, 218], [1012, 220], [1011, 221], [1013, 223], [1013, 225],
		[1010, 226], [1010, 230], [1011, 232], [1008, 236], [1008, 239], [1009, 240], [1009, 244], [1010, 244],
		[1010, 246], [1008, 248], [1006, 252], [1006, 258], [1004, 259], [1004, 262], [1006, 264], [1006, 266],
		[1004, 268], [1002, 268], [998, 270], [998, 271], [995, 271], [994, 270], [988, 269], [982, 266],
		[978, 266], [977, 265], [973, 265], [972, 264], [970, 264], [963, 259], [951, 258], [950, 259],
		[946, 259], [945, 260], [937, 261], [936, 262], [930, 262], [929, 263], [926, 263], [925, 264],
		[919, 263], [917, 265], [909, 265], [909, 266], [901, 269], [901, 271], [898, 275], [898, 278],
		[897, 279], [898, 280], [898, 282], [897, 282], [897, 285], [900, 288], [900, 292], [903, 295],
		[903, 297], [904, 297], [906, 301], [908, 302], [908, 303], [909, 303], [909, 306], [907, 309],
		[907, 310], [908, 310], [907, 316], [904, 317], [904, 324], [905, 325], [905, 330], [904, 332],
		[908, 337], [908, 340], [909, 340], [906, 346],
	]
}
way = {
	id = 25
	points = [
		[439, 211], [440, 213], [438, 215], [439, 222], [437, 224], [437, 226], [435, 228], [432, 229],
		[429, 233], [430, 234], [432, 234], [436, 236], [441, 241], [445, 243], [450, 244], [453, 246],
		[456, 246], [457, 247], [460, 247], [461, 246], [466, 246], [471, 251], [475, 259], [480, 261],
		[483, 265], [480, 268], [480, 273], [481, 274], [481, 276], [478, 280], [471, 284], [466, 285],
		[464, 287], [460, 289], [456, 289], [455, 290], [447, 290], [446, 289], [444, 289], [442, 291],
		[437, 292], [437, 294], [439, 297],
	]
}
way = {
	id = 26
	points = [
		[715, 216], [716, 219], [718, 220], [718, 222], [726, 226], [726, 229], [727, 230], [727, 235],
		[724, 239], [724, 244], [723, 245], [723, 247], [727, 252], [727, 257], [725, 260], [725, 262],
		[727, 265], [727, 268], [729, 269], [727, 270], [727, 272], [730, 272], [731, 273], [736, 273],
		[736, 278], [737, 278], [740, 282], [739, 284], [739, 288], [741, 288], [742, 289], [745, 289],
		[745, 288], [746, 288], [748, 290], [748, 291], [751, 291], [753, 294], [756, 294], [758, 298],
		[760, 297], [764, 297], [765, 298], [767, 297], [770, 297], [771, 298], [778, 298], [779, 300],
		[781, 300], [783, 303], [785, 302], [786, 300], [790, 299], [790, 300], [792, 302], [792, 305],
		[795, 305], [796, 306], [793, 310], [790, 310], [790, 311], [788, 313], [789, 314], [789, 316],
		[782, 323], [781, 328], [779, 330], [777, 330], [768, 335], [765, 335], [764, 334], [754, 335],
		[753, 334], [751, 334], [745, 337], [742, 341], [734, 341], [731, 343], [729, 343], [728, 342],
	]
}
way = {
	id = 27
	points = [
		[377, 223], [378, 224], [378, 228], [375, 234], [374, 234], [371, 237], [371, 238], [373, 240],
		[377, 242], [378, 244], [377, 248], [379, 249], [379, 252], [380, 253], [391, 253], [393, 254],
		[395, 256], [394, 257], [396, 259], [398, 260], [403, 260], [404, 261], [404, 268], [407, 268],
		[409, 267], [412, 270], [415, 271], [416, 273], [423, 276], [426, 279], [426, 281], [430, 286],
		[429, 288], [431, 292], [425, 297], [421, 295],
	]
}
way = {
	id = 28
	points = [
		[309, 226], [312, 226], [314, 227], [314, 228], [319, 228], [320, 229], [323, 229], [328, 233],
		[330, 233], [333, 235], [336, 235], [340, 237], [341, 239], [341, 246], [336, 250], [336, 253],
		[339, 253], [341, 256], [350, 256], [352, 257], [353, 258], [353, 260], [358, 263], [358, 265],
		[361, 267], [361, 269], [362, 270], [365, 270], [372, 275], [372, 278], [370, 278], [370, 281],
		[375, 282], [375, 283], [380, 287], [385, 287], [385, 288], [387, 290], [391, 290], [392, 289],
		[394, 289], [396, 285], [396, 283], [394, 281], [394, 280], [392, 279], [392, 278],
	]
}
way = {
	id = 29
	points = [
		[879, 227], [882, 227], [883, 228], [883, 231], [882, 232], [877, 232], [876, 233], [873, 233],
		[872, 232], [865, 232], [864, 233], [860, 234], [860, 236], [861, 237], [860, 239], [856, 243],
		[852, 251], [850, 253], [845, 253], [844, 254], [842, 254], [835, 259], [831, 258], [829, 259],
		[823, 265], [822, 269], [825, 272], [825, 275], [822, 276], [820, 278], [822, 282], [822, 284],
		[816, 289], [815, 291], [815, 295], [812, 298], [810, 302], [810, 305], [804, 313], [804, 315],
		[803, 316], [806, 318], [809, 318], [810, 319], [812, 318], [814, 319], [816, 319], [817, 318],
		[821, 319], [827, 325], [826, 327], [828, 329], [829, 329], [830, 331], [831, 331], [837, 337],
		[839, 337], [840, 341], [844, 343], [847, 346], [847, 347], [848, 347], [852, 351],
	]
}
way = {
	id = 30
	points = [
		[228, 253], [230, 255], [232, 255], [233, 256], [237, 256], [240, 254], [245, 254], [246, 255],
		[249, 256],
	]
}
way = {
	id = 30
	points = [
		[249, 256], [250, 254], [253, 254], [254, 256],
	]
}
way = {
	id = 30
	points = [
		[249, 256], [247, 257], [240, 257], [236, 259], [232, 259], [229, 257], [227, 257], [226, 256],
	]
}
way = {
	id = 30
	points = [
		[249, 256], [254, 256],
	]
}
way = {
	id = 30
	points = [
		[254, 256], [258, 256], [260, 257], [264, 261], [266, 269], [267, 269], [268, 271], [269, 271],
		[270, 276], [272, 277], [273, 280], [274, 280], [278, 283], [278, 286], [280, 288], [280, 289],
		[281, 290], [287, 290], [290, 294], [289, 298], [291, 301], [291, 303], [289, 307], [285, 311],
		[285, 312], [281, 317], [281, 320], [278, 324], [278, 329], [277, 330], [277, 333], [278, 334],
		[284, 335], [285, 334], [292, 334], [294, 332], [296, 333], [301, 333], [301, 332],
	]
}
way = {
	id = 31
	points = [
		[141, 260], [151, 259], [151, 258], [152, 258], [154, 261], [154, 263], [156, 264], [158, 262],
		[162, 263], [163, 265], [165, 265], [167, 263], [172, 263], [173, 264], [176, 264],
	]
}
way = {
	id = 33
	points = [
		[176, 300], [177, 299], [178, 300], [181, 300], [186, 303], [188, 303], [188, 304], [191, 307],
		[193, 307], [195, 309], [197, 308], [198, 309], [201, 309], [202, 311], [204, 311], [205, 313],
		[204, 314], [208, 318], [212, 320], [213, 319], [217, 319], [220, 317], [225, 317], [227, 319],
		[227, 320], [233, 325], [235, 329], [235, 331], [237, 334],
	]
}
way = {
	id = 32
	points = [
		[495, 304], [498, 300], [502, 298], [507, 298], [508, 299], [512, 300], [514, 302], [515, 302],
		[516, 304], [520, 305], [523, 308], [526, 308], [528, 311], [531, 311], [533, 312], [538, 316],
		[540, 315], [542, 316], [542, 317], [547, 317], [548, 318], [549, 318], [549, 317], [551, 316],
		[560, 316], [562, 318], [564, 318], [568, 321], [570, 321], [570, 322], [573, 322], [573, 324],
		[577, 325], [577, 326], [583, 329], [584, 339], [585, 340], [585, 342], [586, 342], [588, 344],
		[587, 345], [589, 346], [590, 348], [592, 348], [592, 351], [593, 351], [593, 352], [594, 352],
		[598, 355], [600, 355], [601, 359], [602, 360], [604, 361], [605, 360],
	]
}
way = {
	id = 34
	points = [
		[642, 306], [643, 307], [646, 307], [656, 312], [658, 314], [663, 316], [665, 318], [668, 318],
		[670, 319], [670, 322], [671, 324], [669, 325], [670, 326], [669, 331], [670, 330],
	]
}
way = {
	id = 35
	points = [
		[516, 321], [516, 323], [513, 328], [506, 327], [502, 324], [499, 324], [498, 325], [489, 325],
		[487, 323], [487, 319], [486, 319], [481, 323], [479, 323], [478, 324], [476, 323], [475, 324],
		[475, 326], [471, 327], [470, 328], [470, 330], [465, 334], [464, 334], [460, 338], [461, 340],
		[459, 340], [458, 341], [457, 343], [457, 346], [456, 346], [456, 348], [457, 349], [457, 354],
		[458, 355], [458, 358], [456, 359], [456, 366], [457, 367], [457, 368], [456, 368], [456, 371],
		[458, 373], [459, 378],
	]
}
way = {
	id = 35
	points = [
		[287, 326], [290, 328], [294, 328], [299, 325], [304, 325], [306, 322], [308, 322], [312, 320],
		[314, 318], [317, 318], [319, 316], [325, 313], [331, 313], [332, 312], [336, 312], [340, 310],
		[341, 308], [344, 308], [350, 311], [354, 311], [356, 314], [360, 316], [363, 316], [366, 318],
		[368, 318], [371, 321], [375, 321], [378, 323], [380, 323], [381, 322], [386, 323], [391, 319],
		[394, 319], [395, 320], [402, 320], [407, 324], [409, 323], [414, 324], [414, 325], [417, 328],
		[418, 328], [422, 331], [432, 331], [433, 330], [441, 330], [442, 331], [442, 333], [441, 334],
		[441, 338], [440, 338], [439, 340], [439, 344], [440, 345], [439, 346], [440, 348], [440, 351],
		[439, 351], [439, 360],
	]
}
way = {
	id = 37
	points = [
		[306, 335], [307, 336], [307, 339], [305, 342], [306, 346], [304, 348], [298, 349], [295, 351],
	]
}
way = {
	id = 36
	points = [
		[145, 341], [149, 341], [154, 338], [162, 338], [163, 337], [165, 337], [172, 341], [175, 339],
		[177, 339], [178, 338], [183, 338], [189, 335], [195, 329], [202, 329], [206, 331], [208, 333],
		[209, 333], [212, 337], [211, 339], [214, 345], [215, 345], [218, 348], [220, 348], [223, 351],
		[223, 353], [227, 355], [227, 357], [228, 358], [228, 364], [230, 367], [230, 370], [231, 372],
		[229, 376], [227, 378], [226, 378], [226, 383], [228, 385], [230, 384],
	]
}
way = {
	id = 35
	points = [
		[367, 343], [375, 342], [376, 341], [380, 341], [384, 338], [388, 338], [388, 342], [390, 344],
		[390, 346], [392, 350], [395, 350], [401, 353], [404, 353], [408, 355], [412, 359], [412, 360],
		[414, 360], [417, 364], [419, 364], [423, 367], [430, 367], [435, 371], [439, 371],
	]
}
way = {
	id = 39
	points = [
		[648, 347], [645, 349], [640, 349], [639, 350], [637, 350], [633, 352],
	]
}
way = {
	id = 29
	points = [
		[852, 351], [856, 352], [857, 356], [859, 356], [863, 362],
	]
}
way = {
	id = 29
	points = [
		[852, 351], [853, 353], [853, 356], [848, 363], [848, 365], [847, 366], [847, 368], [849, 369],
	]
}
way = {
	id = 40
	points = [
		[288, 354], [284, 357], [278, 357], [273, 360], [271, 360], [268, 356], [266, 356], [265, 355],
	]
}
way = {
	id = 41
	points = [
		[258, 358], [253, 362], [253, 366], [251, 369], [247, 366], [245, 366], [244, 367], [243, 366],
		[241, 366], [239, 367], [239, 372], [238, 373], [238, 377], [239, 378], [239, 384], [238, 385],
		[238, 388], [237, 389], [237, 397], [239, 399], [239, 400], [236, 402], [236, 405],
	]
}
way = {
	id = 35
	points = [
		[439, 360], [437, 361], [437, 364], [438, 365],
	]
}
way = {
	id = 35
	points = [
		[439, 360], [439, 365], [438, 365],
	]
}
way = {
	id = 35
	points = [
		[438, 365], [438, 366], [440, 368], [439, 371],
	]
}
way = {
	id = 35
	points = [
		[439, 371], [441, 372], [440, 374], [443, 376], [445, 376], [446, 377], [452, 377], [453, 376],
		[455, 378], [459, 378],
	]
}
way = {
	id = 35
	points = [
		[593, 374], [592, 375], [591, 374], [585, 374], [580, 377],
	]
}
way = {
	id = 35
	points = [
		[580, 377], [574, 376], [571, 373], [567, 378], [567, 383], [566, 384], [567, 387],
	]
}
way = {
	id = 35
	points = [
		[580, 377], [580, 378], [584, 378],
	]
}
way = {
	id = 35
	points = [
		[459, 378], [459, 382], [461, 384], [464, 384], [464, 386], [465, 387], [469, 386], [470, 385],
		[472, 385], [473, 384], [479, 387], [482, 387], [484, 389], [486, 389], [489, 386], [492, 387],
		[493, 389], [491, 389], [490, 390], [491, 393], [493, 394], [494, 396], [498, 398], [496, 400],
		[495, 400], [495, 402], [507, 402], [508, 403], [512, 403], [513, 404], [520, 403], [521, 404],
		[525, 404], [526, 405], [535, 405], [537, 404], [541, 400], [545, 398], [549, 398], [550, 397],
		[553, 397], [554, 396], [556, 397], [560, 397],
	]
}
way = {
	id = 35
	points = [
		[584, 378], [592, 378], [593, 377],
	]
}
way = {
	id = 35
	points = [
		[584, 378], [584, 379], [588, 382], [590, 382], [591, 383], [592, 382],
	]
}
way = {
	id = 43
	points = [
		[161, 380], [163, 382], [162, 384], [165, 388], [167, 389], [170, 389], [172, 391], [173, 391],
		[175, 394], [181, 397], [185, 398], [188, 401], [190, 405], [190, 409], [193, 414], [193, 420],
		[196, 422], [196, 424],
	]
}
way = {
	id = 42
	points = [
		[348, 381], [348, 382], [345, 382], [344, 381], [339, 381], [336, 383], [334, 383], [329, 380],
		[323, 380], [321, 382], [318, 382], [317, 381], [314, 381], [312, 379], [310, 380], [308, 380],
		[307, 379], [298, 379], [297, 380], [293, 380], [291, 378], [283, 377], [279, 380], [279, 384],
		[278, 384], [276, 387], [273, 387], [271, 386],
	]
}
way = {
	id = 35
	points = [
		[567, 387], [569, 388], [570, 392], [568, 394], [563, 395],
	]
}
way = {
	id = 35
	points = [
		[567, 387], [567, 390], [563, 395],
	]
}
way = {
	id = 44
	points = [
		[999, 391], [1003, 398], [1003, 401], [1004, 402], [1008, 402], [1010, 404], [1010, 407],
	]
}
way = {
	id = 35
	points = [
		[563, 395], [561, 395], [560, 397],
	]
}
way = {
	id = 35
	points = [
		[563, 395], [560, 397],
	]
}
way = {
	id = 44
	points = [
		[1017, 397], [1012, 398], [1010, 400], [1013, 404], [1013, 406], [1012, 407], [1010, 407],
	]
}
way = {
	id = 41
	points = [
		[236, 405], [234, 405], [233, 407], [232, 407], [233, 409], [232, 410],
	]
}
way = {
	id = 41
	points = [
		[236, 405], [236, 406], [238, 408], [238, 410], [237, 411],
	]
}
way = {
	id = 44
	points = [
		[1010, 407], [1009, 409], [1010, 411], [1011, 411], [1011, 418], [1012, 419], [1012, 421], [1014, 422],
		[1014, 425], [1015, 425], [1018, 428], [1023, 430],
	]
}
way = {
	id = 45
	points = [
		[112, 417], [114, 421], [115, 420], [117, 421], [119, 419], [121, 421], [125, 421], [129, 423],
		[130, 425], [132, 426], [137, 426], [141, 428], [143, 430], [144, 430], [152, 438], [153, 438],
		[155, 440], [162, 444], [165, 448], [169, 449], [173, 446], [175, 447], [175, 449], [178, 449],
		[179, 450], [178, 457], [181, 459], [183, 458],
	]
}
way = {
	id = 46
	points = [
		[130, 437], [134, 438], [137, 442], [137, 443], [134, 445], [132, 444], [129, 444], [128, 445],
		[126, 443], [124, 443], [123, 442], [120, 442], [119, 441], [114, 441], [113, 442], [107, 442],
		[106, 443], [103, 443], [99, 445], [95, 445], [94, 444], [91, 444], [90, 445], [85, 445],
		[84, 444], [81, 444], [81, 446], [77, 448], [73, 453], [69, 452], [68, 450], [65, 450],
		[64, 451], [58, 451], [57, 452], [48, 452], [46, 450],
	]
}
way = {
	id = 47
	points = [
		[143, 461], [141, 458], [138, 457], [134, 459], [130, 463], [129, 466], [125, 470], [123, 471],
		[119, 471], [116, 473], [110, 474], [109, 475], [103, 472], [98, 476], [97, 475], [93, 475],
		[92, 476], [89, 476], [88, 475], [83, 475], [82, 476], [79, 476], [78, 477], [76, 476],
		[72, 476], [69, 478], [63, 478], [58, 481], [53, 481], [49, 483], [45, 489],
	]
}
way = {
	id = 48
	points = [
		[760, 469], [758, 472], [756, 472], [755, 473], [743, 473], [741, 474], [742, 476], [742, 479],
		[741, 480], [737, 479], [736, 478], [730, 478], [729, 479], [723, 479], [719, 481], [717, 483],
		[717, 484], [721, 488], [722, 494], [718, 494], [716, 496], [716, 498], [720, 501], [722, 500],
		[724, 502], [726, 502], [726, 504], [728, 505], [728, 506], [727, 508], [725, 509], [724, 513],
		[722, 514], [722, 515], [719, 516], [717, 518], [714, 518], [714, 519], [710, 519], [708, 522],
		[711, 528], [711, 531], [713, 533], [714, 533], [713, 541], [712, 542], [713, 545], [714, 546],
		[717, 546], [718, 547], [725, 546], [726, 547], [729, 547], [730, 548], [732, 548], [733, 549],
		[737, 550], [737, 552], [743, 557], [746, 563], [747, 563], [748, 566], [752, 570], [752, 572],
		[754, 574], [756, 574], [756, 573], [762, 573], [763, 572], [766, 572], [769, 575], [769, 576],
		[772, 576], [773, 577], [773, 580], [775, 581], [775, 583], [778, 583], [778, 587], [781, 590],
		[784, 590], [785, 591], [791, 592], [794, 595], [794, 596], [796, 596], [800, 601], [800, 604],
		[799, 606], [801, 610], [801, 616], [803, 619], [803, 622], [804, 624], [807, 627], [809, 628],
		[812, 628], [814, 630], [817, 630], [819, 632], [824, 633], [831, 637], [835, 637], [836, 636],
		[845, 636],
	]
}
way = {
	id = 48
	points = [
		[734, 501], [739, 502], [739, 503], [740, 503], [742, 505], [741, 506], [743, 508], [743, 510],
		[744, 511], [748, 511], [749, 512], [753, 512], [754, 513], [763, 513], [765, 514], [765, 518],
		[766, 519], [769, 519], [772, 522], [775, 528], [775, 530], [778, 530], [778, 531], [780, 532],
		[780, 533], [778, 535], [782, 537], [786, 542], [787, 547], [785, 551], [785, 554], [790, 562],
		[789, 564], [792, 569], [792, 571], [793, 572], [793, 576], [794, 578], [796, 580], [799, 580],
		[802, 582], [802, 587], [800, 589], [801, 593], [808, 601], [811, 601], [811, 603], [813, 603],
		[814, 605], [817, 607], [822, 608], [826, 606], [828, 608], [832, 608], [834, 609], [835, 610],
		[834, 614], [838, 618], [838, 619], [841, 621], [845, 629], [845, 636],
	]
}
way = {
	id = 49
	points = [
		[680, 588], [676, 596], [676, 602],
	]
}
way = {
	id = 50
	points = [
		[676, 604], [676, 622],
	]
}
way = {
	id = 51
	points = [
		[622, 625], [623, 627], [622, 629], [615, 635], [615, 637], [614, 638], [614, 641], [615, 643],
		[612, 649],
	]
}
way = {
	id = 51
	points = [
		[602, 627], [604, 629], [604, 631], [607, 634], [607, 636], [608, 637], [608, 643], [609, 644],
		[609, 647], [611, 649], [612, 649],
	]
}
way = {
	id = 52
	points = [
		[674, 629], [674, 632],
	]
}
way = {
	id = 48
	points = [
		[845, 636], [846, 638], [848, 640], [849, 640], [850, 644], [854, 645], [855, 647], [858, 649],
		[859, 653], [860, 654], [862, 654],
	]
}
way = {
	id = 51
	points = [
		[612, 649], [612, 650], [613, 650], [613, 651], [615, 652], [615, 662], [614, 663], [614, 668],
		[610, 675], [610, 677], [609, 678], [609, 682], [607, 686], [608, 689], [609, 689], [609, 699],
		[610, 701], [616, 707], [619, 714], [621, 715], [621, 717], [623, 717], [623, 720], [625, 721],
		[625, 723], [627, 723], [629, 725], [631, 725], [635, 723], [636, 724], [636, 730], [632, 734],
		[632, 737], [633, 739], [638, 744], [638, 764],
	]
}
way = {
	id = 53
	points = [
		[633, 785], [632, 787], [632, 786],
	]
}
way = {
	id = 57
	points = [
		[613, 805], [611, 808], [611, 810], [607, 814], [607, 816], [606, 816], [605, 819], [602, 821],
		[602, 823], [601, 824], [601, 827], [603, 829], [605, 829], [605, 836], [602, 838], [602, 843],
		[603, 844], [603, 847], [604, 848], [604, 858], [605, 859], [605, 861], [607, 865], [607, 868],
		[613, 872], [617, 871], [620, 868], [623, 862], [626, 860], [626, 857], [627, 856], [630, 856],
		[631, 853], [633, 851], [634, 851], [634, 850], [640, 844], [642, 844], [645, 846], [645, 848],
		[648, 852], [648, 858], [649, 859], [649, 863], [652, 866], [652, 868], [653, 869], [653, 878],
	]
}
way = {
	id = 57
	points = [
		[653, 878], [654, 878], [658, 883], [664, 886], [666, 888], [667, 892], [672, 899], [672, 901],
		[677, 911], [677, 915], [678, 916], [678, 918], [681, 923], [681, 935], [680, 936], [680, 938],
		[682, 940], [684, 940], [685, 939], [691, 940], [692, 939], [697, 939], [698, 937], [700, 936],
		[700, 937], [704, 942], [705, 945], [708, 947],
	]
}
way = {
	id = 57
	points = [
		[653, 878], [653, 880], [650, 885], [650, 892], [647, 895], [644, 896], [642, 898], [638, 899],
		[634, 903], [632, 915],
	]
}
way = {
	id = 58
	points = [
		[124, 903], [126, 899], [126, 897], [127, 896], [132, 896], [135, 894], [141, 893], [141, 892],
		[143, 892], [149, 889], [154, 889], [155, 890], [164, 891], [166, 894], [167, 898], [169, 899],
		[169, 902], [170, 903], [171, 907], [177, 913], [177, 916], [181, 919], [180, 927], [182, 928],
		[186, 937], [190, 939], [191, 943], [194, 949], [204, 958], [204, 964], [206, 967], [206, 971],
		[209, 971], [209, 972], [213, 976], [213, 977], [217, 981], [217, 982], [224, 989], [227, 990],
		[233, 997], [237, 999], [237, 1003], [235, 1007],
	]
}
way = {
	id = 58
	points = [
		[124, 903], [121, 904], [121, 907],
	]
}
way = {
	id = 58
	points = [
		[124, 903], [124, 905], [123, 905], [123, 906], [121, 907],
	]
}
way = {
	id = 58
	points = [
		[121, 907], [117, 906], [114, 910], [111, 910], [110, 913], [108, 915], [109, 918], [111, 920],
		[114, 921],
	]
}
way = {
	id = 58
	points = [
		[121, 907], [117, 911], [117, 914], [116, 914], [114, 917], [114, 918], [116, 918], [115, 921],
		[114, 921],
	]
}
way = {
	id = 57
	points = [
		[632, 915], [633, 915], [635, 917], [635, 918], [641, 923], [642, 925], [642, 928], [645, 932],
		[648, 938], [648, 940], [649, 941], [649, 943], [648, 944], [648, 952], [649, 953], [649, 956],
		[653, 958], [653, 963], [654, 965], [655, 965], [656, 971], [659, 975], [658, 977], [658, 982],
		[659, 983], [659, 985], [660, 986], [661, 990], [665, 994], [668, 994], [671, 998], [671, 1003],
		[670, 1004], [670, 1007], [672, 1010], [673, 1015], [677, 1017], [679, 1016], [680, 1017], [682, 1015],
		[686, 1014], [689, 1009], [695, 1012], [699, 1012], [699, 1015], [704, 1017], [706, 1019], [708, 1019],
		[712, 1016], [716, 1015], [717, 1014], [717, 1010], [718, 1009], [718, 999], [715, 997], [713, 997],
		[709, 995], [707, 993], [707, 992], [703, 989], [702, 989], [701, 987],
	]
}
way = {
	id = 57
	points = [
		[632, 915], [632, 926], [628, 932], [628, 942], [630, 946], [632, 948], [632, 950], [634, 951],
		[634, 958], [637, 963], [636, 964], [636, 967], [637, 968], [637, 970], [636, 971], [636, 989],
		[635, 990], [635, 993], [634, 994], [634, 999], [627, 1008], [627, 1009], [629, 1010], [629, 1017],
		[624, 1022], [622, 1023],
	]
}
way = {
	id = 58
	points = [
		[114, 921], [114, 927], [111, 933], [109, 935], [108, 938], [106, 940], [102, 940], [98, 942],
		[95, 945], [93, 945], [90, 948], [86, 950], [83, 950], [83, 952], [78, 956], [73, 956],
		[71, 957], [71, 958], [69, 960], [65, 962], [59, 969], [57, 969], [55, 973], [55, 975],
		[52, 978], [50, 983], [43, 991], [41, 991], [40, 993], [41, 995], [38, 998], [37, 998],
		[35, 1003], [33, 1005], [28, 1006], [26, 1008], [22, 1008], [21, 1009], [19, 1009], [19, 1011],
		[17, 1011], [16, 1014], [17, 1015], [19, 1023],
	]
}
way = {
	id = 59
	points = [
		[0, 931], [0, 933], [5, 934], [9, 938], [10, 940], [10, 943], [11, 943], [13, 945],
		[14, 948], [16, 949], [16, 952], [17, 953], [17, 958], [21, 958], [23, 960], [23, 963],
		[24, 963], [24, 966], [25, 966], [24, 968], [25, 970], [23, 973], [23, 978], [21, 978],
		[17, 987], [14, 989], [12, 989], [12, 991], [8, 994], [7, 994], [5, 998], [5, 1002],
		[3, 1003], [3, 1006], [2, 1007], [0, 1007],
	]
}
way = {
	id = 60
	points = [
		[141, 944], [141, 950], [140, 951], [141, 958], [140, 959], [140, 962], [147, 962], [150, 964],
		[151, 963], [153, 964], [154, 969], [155, 969], [155, 978], [159, 984], [159, 987], [160, 989],
		[163, 991], [163, 994], [165, 997], [165, 1006], [163, 1007], [160, 1007], [160, 1006], [159, 1006],
		[158, 1008], [155, 1008], [155, 1012], [156, 1013], [155, 1014], [156, 1016], [156, 1022], [154, 1022],
		[153, 1023],
	]
}
way = {
	id = 61
	points = [
		[376, 962], [377, 963], [377, 967], [380, 969], [382, 977], [384, 978], [385, 980],
	]
}
way = {
	id = 61
	points = [
		[372, 972], [372, 974], [377, 975], [377, 976], [381, 980], [385, 980],
	]
}
way = {
	id = 61
	points = [
		[385, 980], [388, 983], [388, 991], [390, 995], [390, 999], [392, 1001], [396, 1003], [399, 1003],
		[405, 1008], [409, 1008], [410, 1007], [412, 1007], [413, 1009], [418, 1013], [420, 1018], [424, 1023],
	]
}
way = {
	id = 63
	points = [
		[697, 983], [699, 985], [699, 986], [697, 988], [697, 992], [696, 993], [696, 995], [699, 998],
	]
}
way = {
	id = 62
	points = [
		[95, 996], [96, 997], [99, 994], [101, 994], [104, 991], [105, 992], [107, 991], [112, 986],
		[116, 978], [116, 975], [117, 974], [119, 974], [120, 968], [121, 967], [122, 969], [124, 969],
		[124, 971], [127, 974], [129, 974], [129, 977], [130, 978], [130, 979], [129, 979], [130, 981],
		[130, 983], [129, 984], [130, 986], [130, 1001], [129, 1002], [129, 1008], [131, 1010], [130, 1011],
		[131, 1012], [131, 1023],
	]
}
way = {
	id = 65
	points = [
		[236, 1019], [236, 1023],
	]
}
way = {
	id = 66
	points = [
		[68, 1022], [68, 1023],
	]
}
